Accuracy: 76.0%
Precision-micro: 76.0%
Recall-micro: 76.0%
F1-micro: 76.0%

Precision-macro: 76.16011042097999%
Recall-macro: 76.0%
F1-macro: 75.90464817744873%

